%YAML:1.0
CameraMat: !!opencv-matrix
  rows: 3
  cols: 3
  dt: d
  data: [1418.771097125488, 0, 1212.215584588221,
          0, 1419.5068407428, 1042.056348573678,
          0, 0, 1]

DistCoeffs: !!opencv-matrix
  rows: 4
  cols: 1
  dt: d
  data: [-0.00362874, 0.00406696, -0.0204213, 0.0122873]

Camera.width: 2448
Camera.height: 2048

ExtrinsicMat: !!opencv-matrix
  rows: 4
  cols: 4
  dt: d
  data: [0, -1, 0, 0.0165,
         0, 0, 1, 0.06885,
         -1, 0, 0, -0.1256,
         0, 0, 0, 1]
  # data: [0.0033143,-0.999992,-0.00208634,0.0394255,
  #         -0.00562296,-0.00210496,0.999982,0.0356457,
  #         -0.999979,-0.00330251,-0.00562989,-0.143995,
  #         0,0,0,1]