%YAML:1.0
CameraMat: !!opencv-matrix
  rows: 3
  cols: 3
  dt: d
  data: [1160.25.08, 0, 972.385 
         0, 1159.97, 530.741, 
         0, 0, 1]

DistCoeffs: !!opencv-matrix
  rows: 4
  cols: 1
  dt: d
  data: [-0.042, -0.052, 0.044, -0.026]

Camera.width: 1920
Camera.height: 1080

ExtrinsicMat: !!opencv-matrix
  rows: 4
  cols: 4
  dt: d
  data: [-0.009898340303232174, -0.9999142967480679, 0.008568664893561654, 1315.951,
         0.033395596408431066, -0.00889486952127523, -0.9994026292924814, 745,.266,
         0.9993931943933613, -0.009606271650137494, 0.033480778742693076, -1.0786540051615534,
         0, 0, 0, 1]
  # data: [0.0033143,-0.999992,-0.00208634,0.0394255,
  #         -0.00562296,-0.00210496,0.999982,0.0356457,
  #         -0.999979,-0.00330251,-0.00562989,-0.143995,
  #         0,0,0,1]