%YAML:1.0
CameraMat: !!opencv-matrix
  rows: 3
  cols: 3
  dt: d
  data: [1450.25094412715, 0, 1177.12151500859,
         0, 1450.372931728944, 1044.614948769158,
         0, 0, 1]

DistCoeffs: !!opencv-matrix
  rows: 5
  cols: 1
  dt: d
  data: [-0.05582824187657751, 0.1247455012066572, 0.00126170934642747, 0.0007043252853537285, -0.06761957585223871]

Camera.width: 2448
Camera.height: 2048

ExtrinsicMat: !!opencv-matrix
  rows: 4
  cols: 4
  dt: d
  data: [0,-1,0,0,
         0,0,-1,0,
         1,0,0,0,
         0,0,0,1]
  # data: [0.0033143,-0.999992,-0.00208634,0.0394255,
  #         -0.00562296,-0.00210496,0.999982,0.0356457,
  #         -0.999979,-0.00330251,-0.00562989,-0.143995,
  #         0,0,0,1]