%YAML:1.0

#--------------------------------------------------------------------------------------------
# Camera Parameters. Adjust them!
#--------------------------------------------------------------------------------------------
# image_topic: "/left_camera/image"

CameraMat: !!opencv-matrix
  rows: 3
  cols: 3
  dt: d
  data: [864.462182951136, 0.0, 633.336810998878,
         0.0, 864.151255398621, 512.519297180614,
         0.0, 0.0, 1.0]

DistCoeffs: !!opencv-matrix
  rows: 5
  cols: 1
  dt: d
  data: [-0.0946085370416111, 0.0928104246098571, -0.000622927281735468, -0.000864988049980247, -0.0165990652767710]

Camera.width: 1280
Camera.height: 1024

ExtrinsicMat: !!opencv-matrix
  rows: 4
  cols: 4
  dt: d
  data: [0,-1,0,0,
         0,0,-1,0,
         1,0,0,0,
         0,0,0,1]